% quantiles for Johansen and Johansen and Schaumburg 

% Johansen max test 
critval_real_max = [3.84;11.44;17.89;23.8;30.04;36.36;41.51;47.99;53.69;59.06;65.3];

% Johansen trace test 
critval_real_trace = [4.141;12.212;24.076;39.71;59.235;82.614;109.932;140.736;175.472;214.069;256.231];


% Johansen Schaumburg Table 1, p. 329, no deterministics, trace test.
critval_complex = [6.2;20.4;42.3;72.0;110;155;207;268;336;411;494;584];

